
NVBlox Timings (in seconds)
namespace/tag - NumSamples - TotalTime - (Mean +- StdDev) - [Min,Max]
-----------
/esdf_slicer/get_aabb                         	      8	00.000103	(00.000013 +- 00.000011)	[00.000000,00.000034]
/esdf_slicer/slice_layer                      	      8	00.001861	(00.000233 +- 00.000359)	[00.000027,00.001147]
color/integrate                               	    519	00.693059	(00.001335 +- 00.001582)	[00.000115,00.009478]
color/integrate/allocate_blocks               	    519	00.033616	(00.000065 +- 00.000034)	[00.000004,00.006472]
color/integrate/get_blocks_in_view            	    519	00.032345	(00.000062 +- 00.000024)	[00.000008,00.000141]
color/integrate/reduce_to_blocks_in_band      	    519	00.240429	(00.000463 +- 00.000400)	[00.000036,00.004846]
color/integrate/sphere_trace                  	    519	00.149649	(00.000288 +- 00.000388)	[00.000018,00.004088]
color/integrate/sphere_trace/hash_transfer    	    519	00.000972	(00.000002 +- 00.000001)	[00.000001,00.000015]
color/integrate/transfer_blocks               	    519	00.127688	(00.000246 +- 00.000439)	[00.000012,00.006372]
color/integrate/update_blocks                 	    519	00.105256	(00.000203 +- 00.000489)	[00.000008,00.003970]
esdf/integrate/clear                          	    796	00.700656	(00.000880 +- 00.001194)	[00.000034,00.009163]
esdf/integrate/clear/get_blocks               	    796	00.033108	(00.000042 +- 00.000016)	[00.000004,00.000245]
esdf/integrate/compute/neighbor_bands         	   3129	01.809241	(00.000578 +- 00.000836)	[00.000028,00.007535]
esdf/integrate/compute/neighbor_bands/gpu_view	   3129	00.899979	(00.000288 +- 00.000436)	[00.000002,00.004332]
esdf/integrate/compute/swap                   	   3129	00.000498	(00.000000 +- 00.000000)	[00.000000,00.000003]
esdf/integrate/compute/sweep                  	   3129	00.460576	(00.000147 +- 00.000368)	[00.000002,00.004380]
esdf/integrate/mark_sites/pack_out            	    796	00.360857	(00.000453 +- 00.000626)	[00.000011,00.003515]
esdf/integrate_slice                          	   2722	03.924460	(00.001442 +- 00.002816)	[00.000000,00.047421]
esdf/integrate_slice/compute                  	    796	02.281325	(00.002866 +- 00.005364)	[00.000045,00.031824]
esdf/integrate_slice/mark_sites               	    796	00.939350	(00.001180 +- 00.000992)	[00.000036,00.017933]
gpu_hash/flush_insertion_cache                	    713	00.367744	(00.000516 +- 00.000952)	[00.000021,00.007409]
gpu_hash/transfer/reset                       	     16	00.066268	(00.004142 +- 00.008942)	[00.000101,00.034867]
mesh/gpu/get_meshable                         	      1	00.000684	(00.000684 +- 00.000000)	[00.000684,00.000684]
mesh/gpu/integrate                            	      1	00.063516	(00.063516 +- 00.000000)	[00.063516,00.063516]
mesh/gpu/mesh_blocks                          	      1	00.062525	(00.062525 +- 00.000000)	[00.062525,00.062525]
mesh/gpu/mesh_blocks/block_allocation         	      1	00.057584	(00.057584 +- 00.000000)	[00.057584,00.057584]
mesh/gpu/mesh_blocks/copy_out                 	      1	00.000060	(00.000060 +- 00.000000)	[00.000060,00.000060]
mesh/gpu/mesh_blocks/kernel_table             	      1	00.001697	(00.001697 +- 00.000000)	[00.001697,00.001697]
mesh/gpu/mesh_blocks/kernel_vertices          	      1	00.000296	(00.000296 +- 00.000000)	[00.000296,00.000296]
mesh/gpu/mesh_blocks/prep                     	      1	00.002388	(00.002388 +- 00.000000)	[00.002388,00.002388]
mesh/gpu/mesh_blocks/welding                  	      1	00.000477	(00.000477 +- 00.000000)	[00.000477,00.000477]
ros/color                                     	   1116	00.927496	(00.000831 +- 00.001458)	[00.000000,00.013571]
ros/color/conversion                          	    519	00.134632	(00.000259 +- 00.000287)	[00.000015,00.003620]
ros/color/integrate                           	    519	00.789026	(00.001520 +- 00.001582)	[00.000129,00.011428]
ros/color/transform                           	   1116	00.002497	(00.000002 +- 00.000002)	[00.000000,00.000026]
ros/color_image_callback                      	   1117	00.012021	(00.000011 +- 00.000003)	[00.000003,00.000539]
ros/depth                                     	   1695	01.314659	(00.000776 +- 00.000197)	[00.000000,00.024999]
ros/depth/conversions                         	   1101	00.049593	(00.000045 +- 00.000021)	[00.000006,00.000386]
ros/depth/integrate                           	   1101	01.252856	(00.001138 +- 00.001118)	[00.000049,00.024940]
ros/depth/output/back_projected_depth         	   1101	00.002545	(00.000002 +- 00.000001)	[00.000000,00.000465]
ros/depth/transform                           	   1695	00.006729	(00.000004 +- 00.000003)	[00.000000,00.000034]
ros/depth_image_callback                      	   1701	00.014508	(00.000009 +- 00.000003)	[00.000002,00.000725]
ros/esdf                                      	   2722	04.094156	(00.001504 +- 00.002820)	[00.000018,00.047482]
ros/esdf/integrate                            	   2722	04.077769	(00.001498 +- 00.002820)	[00.000014,00.047478]
ros/esdf/slice_output                         	   2722	00.012701	(00.000005 +- 00.000001)	[00.000002,00.001316]
ros/idle                                      	  45753	449.952144	(00.009834 +- 00.001895)	[00.000002,00.011980]
ros/process_queue                             	 183016	05.146093	(00.000028 +- 00.119599)	[00.000000,00.836867]
ros/publish_layer                             	    312	00.027322	(00.000088 +- 00.000043)	[00.000026,00.000857]
ros/publish_layer/serialize                   	    312	00.025888	(00.000083 +- 00.000042)	[00.000024,00.000854]
ros/publish_layers                            	    313	00.029774	(00.000095 +- 00.000044)	[00.000029,00.000868]
ros/push_onto_queue                           	   2820	00.003503	(00.000001 +- 00.000000)	[00.000000,00.000405]
ros/static/esdf/output/compute                	      8	00.002147	(00.000268 +- 00.000363)	[00.000046,00.001192]
ros/static/esdf/output/slice                  	      8	00.001428	(00.000179 +- 00.000065)	[00.000088,00.000264]
ros/tick                                      	  45754	09.594399	(00.000210 +- 00.120023)	[00.000002,00.838167]
tsdf/integrate                                	   1101	01.064216	(00.000967 +- 00.001125)	[00.000029,00.018890]
tsdf/integrate/allocate_blocks                	   1101	00.077619	(00.000070 +- 00.000412)	[00.000003,00.012044]
tsdf/integrate/get_blocks_in_view             	   1101	00.382186	(00.000347 +- 00.000009)	[00.000001,00.004393]
tsdf/integrate/transfer_blocks                	   1101	00.340042	(00.000309 +- 00.000396)	[00.000010,00.004318]
tsdf/integrate/update_blocks                  	   1101	00.260058	(00.000236 +- 00.000359)	[00.000006,00.004302]
view_calculator/get_blocks_in_view_projection 	    519	00.000138	(00.000000 +- 00.000000)	[00.000000,00.000005]
view_calculator/raycast                       	   1101	00.380476	(00.000346 +- 00.000008)	[00.000001,00.004390]
view_calculator/raycast/output                	    902	00.357366	(00.000396 +- 00.000403)	[00.000016,00.004362]
view_calculator/raycast/raycast_pixels_kernel 	    902	00.008472	(00.000009 +- 00.000026)	[00.000001,00.000428]
view_calculator/raycast/setup                 	    902	00.009321	(00.000010 +- 00.000004)	[00.000002,00.000034]
-----------
